epoch,step,test_MAE,test_RMSE,test_Total_Loss,train_MAE,train_RMSE,train_Total_Loss
0,473,,,,0.4925289452075958,0.6465896964073181,0.4925289452075958
1,947,,,,0.33546245098114014,0.4394941031932831,0.33546245098114014
2,1421,,,,0.26488396525382996,0.348599374294281,0.26488396525382996
3,1895,,,,0.1996975690126419,0.2633672058582306,0.1996975690126419
4,2369,,,,0.15222595632076263,0.1990414410829544,0.15222595632076263
5,2843,,,,0.13471178710460663,0.17604641616344452,0.13471178710460663
6,3317,,,,0.12283245474100113,0.16137878596782684,0.12283245474100113
7,3791,,,,0.11442821472883224,0.15007242560386658,0.11442821472883224
8,4265,,,,0.10866106301546097,0.1432219296693802,0.10866106301546097
9,4739,,,,0.10155177861452103,0.1350107342004776,0.10155177861452103
10,5213,,,,0.09476464986801147,0.12602485716342926,0.09476464986801147
11,5687,,,,0.09354723244905472,0.1239672601222992,0.09354723244905472
12,6161,,,,0.08955822885036469,0.11904777586460114,0.08955822885036469
13,6635,,,,0.08625311404466629,0.11473604291677475,0.08625311404466629
14,7109,,,,0.08224013447761536,0.11032221466302872,0.08224013447761536
15,7583,,,,0.07988810539245605,0.10694733262062073,0.07988810539245605
16,8057,,,,0.07756265252828598,0.10411668568849564,0.07756265252828598
17,8531,,,,0.07624460011720657,0.10168000310659409,0.07624460011720657
18,9005,,,,0.07467714697122574,0.1007857546210289,0.07467714697122574
19,9479,,,,0.07434537261724472,0.09963880479335785,0.07434537261724472
20,9953,,,,0.0716090053319931,0.09627192467451096,0.0716090053319931
21,10427,,,,0.07034682482481003,0.09475888311862946,0.07034682482481003
22,10901,,,,0.06940227746963501,0.0942082405090332,0.06940227746963501
23,11375,,,,0.06841360777616501,0.09271379560232162,0.06841360777616501
24,11849,,,,0.06813768297433853,0.09198901057243347,0.06813768297433853
25,12323,,,,0.06603039056062698,0.08952783793210983,0.06603039056062698
26,12797,,,,0.06484837830066681,0.08821047097444534,0.06484837830066681
27,13271,,,,0.06398631632328033,0.08712057024240494,0.06398631632328033
28,13745,,,,0.06306401640176773,0.08626376837491989,0.06306401640176773
29,14219,,,,0.06308741122484207,0.08560895174741745,0.06308741122484207
30,14693,,,,0.06383504718542099,0.08703053742647171,0.06383504718542099
31,15167,,,,0.06164747476577759,0.08432179689407349,0.06164747476577759
32,15641,,,,0.0603620782494545,0.08300050348043442,0.0603620782494545
33,16115,,,,0.060253243893384933,0.0828123614192009,0.060253243893384933
34,16589,,,,0.05964554101228714,0.08185644447803497,0.05964554101228714
35,17063,,,,0.058540891855955124,0.07995224744081497,0.058540891855955124
36,17537,,,,0.058014243841171265,0.07972694933414459,0.058014243841171265
37,18011,,,,0.05813724547624588,0.07962336391210556,0.05813724547624588
38,18485,,,,0.05727554112672806,0.07868123799562454,0.05727554112672806
39,18959,,,,0.05761077627539635,0.07928261905908585,0.05761077627539635
40,19433,,,,0.056100986897945404,0.07783888280391693,0.056100986897945404
41,19907,,,,0.05505926534533501,0.07636091113090515,0.05505926534533501
42,20381,,,,0.05478934943675995,0.0760066956281662,0.05478934943675995
43,20855,,,,0.054564859718084335,0.07563459128141403,0.054564859718084335
44,21329,,,,0.05452568084001541,0.07600279897451401,0.05452568084001541
45,21803,,,,0.054196178913116455,0.075297050178051,0.054196178913116455
46,22277,,,,0.053832605481147766,0.07464426755905151,0.053832605481147766
47,22751,,,,0.05261005461215973,0.0735321044921875,0.05261005461215973
48,23225,,,,0.05305751413106918,0.07358364015817642,0.05305751413106918
49,23699,,,,0.05247011035680771,0.07331503182649612,0.05247011035680771
50,24173,,,,0.051743581891059875,0.07185013592243195,0.051743581891059875
51,24647,,,,0.05167190730571747,0.07189930230379105,0.05167190730571747
52,25121,,,,0.05146090313792229,0.07221337407827377,0.05146090313792229
53,25595,,,,0.051074832677841187,0.07167347520589828,0.051074832677841187
54,26069,,,,0.04973573610186577,0.06997160613536835,0.04973573610186577
55,26543,,,,0.05033488944172859,0.07069805264472961,0.05033488944172859
56,27017,,,,0.049978747963905334,0.07000444084405899,0.049978747963905334
57,27491,,,,0.04963238164782524,0.06970727443695068,0.04963238164782524
58,27965,,,,0.04882816970348358,0.06847251951694489,0.04882816970348358
59,28439,,,,0.04846436157822609,0.0684431716799736,0.04846436157822609
60,28913,,,,0.04874929413199425,0.0689852386713028,0.04874929413199425
61,29387,,,,0.04807479679584503,0.06782745569944382,0.04807479679584503
62,29861,,,,0.047476090490818024,0.06708451360464096,0.047476090490818024
63,30335,,,,0.04791923239827156,0.06772326678037643,0.04791923239827156
64,30809,,,,0.047268129885196686,0.06666289269924164,0.047268129885196686
65,31283,,,,0.04636772722005844,0.0654381737112999,0.04636772722005844
66,31757,,,,0.04616352543234825,0.06541680544614792,0.04616352543234825
67,32231,,,,0.045701559633016586,0.06465914100408554,0.045701559633016586
68,32705,,,,0.04530183970928192,0.0641079992055893,0.04530183970928192
69,33179,,,,0.0450894720852375,0.06377660483121872,0.0450894720852375
70,33653,,,,0.04631740227341652,0.06526154279708862,0.04631740227341652
71,34127,,,,0.044512223452329636,0.06312061101198196,0.044512223452329636
72,34601,,,,0.04538249596953392,0.06412323564291,0.04538249596953392
73,35075,,,,0.04456938058137894,0.06279619038105011,0.04456938058137894
74,35549,,,,0.04466734081506729,0.06349946558475494,0.04466734081506729
75,36023,,,,0.04351749271154404,0.062339697033166885,0.04351749271154404
76,36497,,,,0.04364210367202759,0.06253962963819504,0.04364210367202759
77,36971,,,,0.04386307671666145,0.062298696488142014,0.04386307671666145
78,37445,,,,0.04409831389784813,0.06270643323659897,0.04409831389784813
79,37919,,,,0.043144628405570984,0.0618516206741333,0.043144628405570984
80,38393,,,,0.04291865602135658,0.06141379848122597,0.04291865602135658
81,38867,,,,0.04409666359424591,0.0629967749118805,0.04409666359424591
82,39341,,,,0.04315263032913208,0.06139266490936279,0.04315263032913208
83,39815,,,,0.04207669571042061,0.06032351031899452,0.04207669571042061
84,40289,,,,0.042884889990091324,0.060982298105955124,0.042884889990091324
85,40763,,,,0.042314983904361725,0.060522738844156265,0.042314983904361725
86,41237,,,,0.04153507947921753,0.05937963351607323,0.04153507947921753
87,41711,,,,0.04107639193534851,0.05913858488202095,0.04107639193534851
88,42185,,,,0.041145410388708115,0.05895709618926048,0.041145410388708115
89,42659,,,,0.041038453578948975,0.058705687522888184,0.041038453578948975
90,43133,,,,0.04048127308487892,0.058501869440078735,0.04048127308487892
91,43607,,,,0.04031645134091377,0.05820650979876518,0.04031645134091377
92,44081,,,,0.04097270220518112,0.059101033955812454,0.04097270220518112
93,44555,,,,0.04049142077565193,0.0580875501036644,0.04049142077565193
94,45029,,,,0.04018061235547066,0.05820232257246971,0.04018061235547066
95,45503,,,,0.039838314056396484,0.0575123094022274,0.039838314056396484
96,45977,,,,0.04014647379517555,0.05749998614192009,0.04014647379517555
97,46451,,,,0.03958261013031006,0.05684027075767517,0.03958261013031006
98,46925,,,,0.0391206219792366,0.056839507073163986,0.0391206219792366
99,47399,,,,0.03842793405056,0.0558755062520504,0.03842793405056
100,47873,,,,0.038755275309085846,0.05595508962869644,0.038755275309085846
101,48347,,,,0.03927259519696236,0.057011160999536514,0.03927259519696236
102,48821,,,,0.038844939321279526,0.05614854022860527,0.038844939321279526
103,49295,,,,0.038354769349098206,0.055518683046102524,0.038354769349098206
104,49769,,,,0.03820059821009636,0.054877057671546936,0.03820059821009636
105,50243,,,,0.03780689835548401,0.05518488958477974,0.03780689835548401
106,50717,,,,0.037465911358594894,0.05476528778672218,0.037465911358594894
107,51191,,,,0.03786073997616768,0.05492464080452919,0.03786073997616768
108,51665,,,,0.036806896328926086,0.054070524871349335,0.036806896328926086
109,52139,,,,0.03739515691995621,0.05401845648884773,0.03739515691995621
110,52613,,,,0.037062473595142365,0.054185643792152405,0.037062473595142365
111,53087,,,,0.036837462335824966,0.05393229052424431,0.036837462335824966
112,53561,,,,0.03729666769504547,0.05464603006839752,0.03729666769504547
113,54035,,,,0.03673446178436279,0.053708549588918686,0.03673446178436279
114,54509,,,,0.03701259195804596,0.05381956323981285,0.03701259195804596
115,54983,,,,0.03589359298348427,0.05259840190410614,0.03589359298348427
116,55457,,,,0.03563994914293289,0.05238954722881317,0.03563994914293289
117,55931,,,,0.03573678806424141,0.052523426711559296,0.03573678806424141
118,56405,,,,0.035254236310720444,0.05205459147691727,0.035254236310720444
119,56879,,,,0.0348576121032238,0.051008425652980804,0.0348576121032238
120,57353,,,,0.03555210307240486,0.05201893299818039,0.03555210307240486
121,57827,,,,0.0353173092007637,0.051611609756946564,0.0353173092007637
122,58301,,,,0.03513422980904579,0.05138649046421051,0.03513422980904579
123,58775,,,,0.035206105560064316,0.05159229412674904,0.035206105560064316
124,59249,,,,0.03536587953567505,0.051776736974716187,0.03536587953567505
125,59723,,,,0.034414444118738174,0.050479304045438766,0.034414444118738174
126,60197,,,,0.03466276824474335,0.05071929842233658,0.03466276824474335
127,60671,,,,0.034424614161252975,0.05067221820354462,0.034424614161252975
128,61145,,,,0.03423279523849487,0.05040968954563141,0.03423279523849487
129,61619,,,,0.03444986417889595,0.0504472590982914,0.03444986417889595
130,62093,,,,0.033781468868255615,0.049695562571287155,0.033781468868255615
131,62567,,,,0.033844687044620514,0.049950797110795975,0.033844687044620514
132,63041,,,,0.033551085740327835,0.0495237372815609,0.033551085740327835
133,63515,,,,0.033220138400793076,0.04933162406086922,0.033220138400793076
134,63989,,,,0.03315335139632225,0.04869253188371658,0.03315335139632225
135,64463,,,,0.03315194323658943,0.04904765263199806,0.03315194323658943
136,64937,,,,0.03285124525427818,0.04846986010670662,0.03285124525427818
137,65411,,,,0.03235166147351265,0.04797403886914253,0.03235166147351265
138,65885,,,,0.03308884799480438,0.048610009253025055,0.03308884799480438
139,66359,,,,0.03260397911071777,0.047899357974529266,0.03260397911071777
140,66833,,,,0.03245541453361511,0.04786652699112892,0.03245541453361511
141,67307,,,,0.03249092400074005,0.04765508696436882,0.03249092400074005
142,67781,,,,0.03244290500879288,0.04775584489107132,0.03244290500879288
143,68255,,,,0.032272517681121826,0.04760244861245155,0.032272517681121826
144,68729,,,,0.032160818576812744,0.04781126230955124,0.032160818576812744
145,69203,,,,0.031849056482315063,0.04698195308446884,0.031849056482315063
146,69677,,,,0.031564999371767044,0.04663889855146408,0.031564999371767044
147,70151,,,,0.0322660394012928,0.04768393188714981,0.0322660394012928
148,70625,,,,0.03123282454907894,0.04649679362773895,0.03123282454907894
149,71099,,,,0.03126021847128868,0.04650929942727089,0.03126021847128868
150,71573,,,,0.031326208263635635,0.04632418975234032,0.031326208263635635
151,72047,,,,0.030750859528779984,0.04576825723052025,0.030750859528779984
152,72521,,,,0.030433380976319313,0.0453881174325943,0.030433380976319313
153,72995,,,,0.031072527170181274,0.04592043161392212,0.031072527170181274
154,73469,,,,0.0310478787869215,0.04604311287403107,0.0310478787869215
155,73943,,,,0.029911983758211136,0.04462505877017975,0.029911983758211136
156,74417,,,,0.03121405653655529,0.04599140211939812,0.03121405653655529
157,74891,,,,0.030437812209129333,0.04528548941016197,0.030437812209129333
158,75365,,,,0.03008861653506756,0.04482421278953552,0.03008861653506756
159,75839,,,,0.030577490106225014,0.0451878197491169,0.030577490106225014
160,76313,,,,0.03008769452571869,0.04480685666203499,0.03008769452571869
161,76787,,,,0.02970769628882408,0.04443047568202019,0.02970769628882408
162,77261,,,,0.029664771631360054,0.04414067044854164,0.029664771631360054
163,77735,,,,0.02941339649260044,0.04378465190529823,0.02941339649260044
164,78209,,,,0.029117576777935028,0.04376707598567009,0.029117576777935028
165,78683,,,,0.028829550370573997,0.04303637892007828,0.028829550370573997
166,79157,,,,0.028808744624257088,0.04320548102259636,0.028808744624257088
167,79631,,,,0.02923217974603176,0.04380322992801666,0.02923217974603176
168,80105,,,,0.028998102992773056,0.04333062842488289,0.028998102992773056
169,80579,,,,0.028693601489067078,0.04305288940668106,0.028693601489067078
170,81053,,,,0.02843722701072693,0.042788099497556686,0.02843722701072693
171,81527,,,,0.029129456728696823,0.04346609488129616,0.029129456728696823
172,82001,,,,0.02799162082374096,0.042352095246315,0.02799162082374096
173,82475,,,,0.028010167181491852,0.042083363980054855,0.028010167181491852
174,82949,,,,0.02763254940509796,0.041386689990758896,0.02763254940509796
175,83423,,,,0.028254929929971695,0.042447529733181,0.028254929929971695
176,83897,,,,0.02758144401013851,0.04167868196964264,0.02758144401013851
177,84371,,,,0.027396589517593384,0.04107782989740372,0.027396589517593384
178,84845,,,,0.02767220512032509,0.04149756208062172,0.02767220512032509
179,85319,,,,0.027433907613158226,0.04117804020643234,0.027433907613158226
180,85793,,,,0.027139659970998764,0.040934767574071884,0.027139659970998764
181,86267,,,,0.027446787804365158,0.041166748851537704,0.027446787804365158
182,86741,,,,0.02774733118712902,0.041478872299194336,0.02774733118712902
183,87215,,,,0.02773320861160755,0.041347816586494446,0.02773320861160755
184,87689,,,,0.02670246735215187,0.04034195840358734,0.02670246735215187
185,88163,,,,0.02665691077709198,0.040303703397512436,0.02665691077709198
186,88637,,,,0.026743944734334946,0.04014072194695473,0.026743944734334946
187,89111,,,,0.026532238349318504,0.04005523771047592,0.026532238349318504
188,89585,,,,0.02650543674826622,0.04001890867948532,0.02650543674826622
189,90059,,,,0.025996511802077293,0.03937211632728577,0.025996511802077293
190,90533,,,,0.025790179148316383,0.038853634148836136,0.025790179148316383
191,91007,,,,0.026557542383670807,0.040129732340574265,0.026557542383670807
192,91481,,,,0.025890855118632317,0.03932633250951767,0.025890855118632317
193,91955,,,,0.026014992967247963,0.039182327687740326,0.026014992967247963
194,92429,,,,0.025414936244487762,0.03862163424491882,0.025414936244487762
195,92903,,,,0.02532513439655304,0.038368817418813705,0.02532513439655304
196,93377,,,,0.02529762126505375,0.038368742913007736,0.02529762126505375
197,93851,,,,0.025399448350071907,0.03845706954598427,0.025399448350071907
198,94325,,,,0.025301195681095123,0.03800424560904503,0.025301195681095123
199,94799,,,,0.025096707046031952,0.037949107587337494,0.025096707046031952
200,95273,,,,0.024832693859934807,0.037525761872529984,0.024832693859934807
201,95747,,,,0.024472756311297417,0.03725431114435196,0.024472756311297417
202,96221,,,,0.0248413123190403,0.03761611506342888,0.0248413123190403
203,96695,,,,0.024893594905734062,0.03741081804037094,0.024893594905734062
204,97169,,,,0.024330439046025276,0.036906734108924866,0.024330439046025276
205,97643,,,,0.024019980803132057,0.036609161645174026,0.024019980803132057
206,98117,,,,0.024517351761460304,0.037182047963142395,0.024517351761460304
207,98591,,,,0.023501135408878326,0.03603949397802353,0.023501135408878326
208,99065,,,,0.024178821593523026,0.03672076761722565,0.024178821593523026
209,99539,,,,0.024353183805942535,0.03685750439763069,0.024353183805942535
210,100013,,,,0.02416837401688099,0.036599498242139816,0.02416837401688099
211,100487,,,,0.023682890459895134,0.03590541332960129,0.023682890459895134
212,100961,,,,0.02425544708967209,0.03695068135857582,0.02425544708967209
213,101435,,,,0.023370712995529175,0.03561265766620636,0.023370712995529175
214,101909,,,,0.023307448253035545,0.035562459379434586,0.023307448253035545
215,102383,,,,0.023107804358005524,0.035297978669404984,0.023107804358005524
216,102857,,,,0.02315026894211769,0.03532468155026436,0.02315026894211769
217,103331,,,,0.023370960727334023,0.03547284007072449,0.023370960727334023
218,103805,,,,0.02313637174665928,0.03520314767956734,0.02313637174665928
219,104279,,,,0.022826991975307465,0.03485232591629028,0.022826991975307465
220,104753,,,,0.022606506943702698,0.03487774729728699,0.022606506943702698
221,105227,,,,0.0225957240909338,0.034411076456308365,0.0225957240909338
222,105701,,,,0.022978385910391808,0.03497663140296936,0.022978385910391808
223,106175,,,,0.02249550260603428,0.03423319011926651,0.02249550260603428
224,106649,,,,0.022028664126992226,0.03371225669980049,0.022028664126992226
225,107123,,,,0.02206636220216751,0.03395518660545349,0.02206636220216751
226,107597,,,,0.02209293283522129,0.03406445309519768,0.02209293283522129
227,108071,,,,0.021909546107053757,0.033568792045116425,0.021909546107053757
228,108545,,,,0.02236020378768444,0.03411751985549927,0.02236020378768444
229,109019,,,,0.021896397694945335,0.033598776906728745,0.021896397694945335
230,109493,,,,0.021807024255394936,0.03349664807319641,0.021807024255394936
231,109967,,,,0.02157720923423767,0.033262185752391815,0.02157720923423767
232,110441,,,,0.021683601662516594,0.03313986957073212,0.021683601662516594
233,110915,,,,0.021207312121987343,0.03266847878694534,0.021207312121987343
234,111389,,,,0.02120327204465866,0.03261223062872887,0.02120327204465866
235,111863,,,,0.02085534855723381,0.032342493534088135,0.02085534855723381
236,112337,,,,0.021509233862161636,0.03287744149565697,0.021509233862161636
237,112811,,,,0.020813142880797386,0.03223920986056328,0.020813142880797386
238,113285,,,,0.02078770473599434,0.03192679211497307,0.02078770473599434
239,113759,,,,0.021019745618104935,0.032160259783267975,0.021019745618104935
240,114233,,,,0.020827559754252434,0.03200329840183258,0.020827559754252434
241,114707,,,,0.020209796726703644,0.03142758086323738,0.020209796726703644
242,115181,,,,0.02054566703736782,0.03171291947364807,0.02054566703736782
243,115655,,,,0.020195791497826576,0.03127877414226532,0.020195791497826576
244,116129,,,,0.020461006090044975,0.03155037388205528,0.020461006090044975
245,116603,,,,0.02003198117017746,0.03107316978275776,0.02003198117017746
246,117077,,,,0.0200089979916811,0.031312573701143265,0.0200089979916811
247,117551,,,,0.019885586574673653,0.03093804232776165,0.019885586574673653
248,118025,,,,0.020068049430847168,0.03128865361213684,0.020068049430847168
249,118499,,,,0.019704218953847885,0.030339134857058525,0.019704218953847885
250,118973,,,,0.01951785758137703,0.030358467251062393,0.01951785758137703
251,119447,,,,0.019562607631087303,0.030094830319285393,0.019562607631087303
252,119921,,,,0.019514190033078194,0.030188333243131638,0.019514190033078194
253,120395,,,,0.01944209821522236,0.030085083097219467,0.01944209821522236
254,120869,,,,0.0191816333681345,0.029954247176647186,0.0191816333681345
255,121343,,,,0.018865933641791344,0.02950744889676571,0.018865933641791344
256,121817,,,,0.019003085792064667,0.029545875266194344,0.019003085792064667
257,122291,,,,0.018881363794207573,0.02934025600552559,0.018881363794207573
258,122765,,,,0.018922699615359306,0.029268911108374596,0.018922699615359306
259,123239,,,,0.018789933994412422,0.02906915731728077,0.018789933994412422
260,123713,,,,0.018312549218535423,0.02865215390920639,0.018312549218535423
261,124187,,,,0.018359867855906487,0.028625860810279846,0.018359867855906487
262,124661,,,,0.018550289794802666,0.028988998383283615,0.018550289794802666
263,125135,,,,0.018405400216579437,0.028913090005517006,0.018405400216579437
264,125609,,,,0.018304025754332542,0.028629334643483162,0.018304025754332542
265,126083,,,,0.017850549891591072,0.027971725910902023,0.017850549891591072
266,126557,,,,0.018140580505132675,0.028249729424715042,0.018140580505132675
267,127031,,,,0.01800677180290222,0.028051232919096947,0.01800677180290222
268,127505,,,,0.018105555325746536,0.02829916775226593,0.018105555325746536
269,127979,,,,0.01781492866575718,0.02795264683663845,0.01781492866575718
270,128453,,,,0.01797320693731308,0.028270360082387924,0.01797320693731308
271,128927,,,,0.017659146338701248,0.02746249921619892,0.017659146338701248
272,129401,,,,0.017452534288167953,0.027428260073065758,0.017452534288167953
273,129875,,,,0.017139410600066185,0.027007926255464554,0.017139410600066185
274,130349,,,,0.017457954585552216,0.027234481647610664,0.017457954585552216
275,130823,,,,0.017240438610315323,0.02710895985364914,0.017240438610315323
276,131297,,,,0.01693527027964592,0.02672814577817917,0.01693527027964592
277,131771,,,,0.016963956877589226,0.02677188813686371,0.016963956877589226
278,132245,,,,0.016764765605330467,0.026450732722878456,0.016764765605330467
279,132719,,,,0.01677132397890091,0.026662705466151237,0.01677132397890091
280,133193,,,,0.017008580267429352,0.026741137728095055,0.017008580267429352
281,133667,,,,0.016864081844687462,0.02626761980354786,0.016864081844687462
282,134141,,,,0.01636909693479538,0.025826994329690933,0.01636909693479538
283,134615,,,,0.0163526963442564,0.02600964345037937,0.0163526963442564
284,135089,,,,0.016456369310617447,0.02598850429058075,0.016456369310617447
285,135563,,,,0.01617174781858921,0.025581158697605133,0.01617174781858921
286,136037,,,,0.016243826597929,0.02577369660139084,0.016243826597929
287,136511,,,,0.016102751716971397,0.025437243282794952,0.016102751716971397
288,136985,,,,0.015839647501707077,0.025192895904183388,0.015839647501707077
289,137459,,,,0.016170281916856766,0.02554509788751602,0.016170281916856766
290,137933,,,,0.0156501904129982,0.024985382333397865,0.0156501904129982
291,138407,,,,0.015567950904369354,0.024878324940800667,0.015567950904369354
292,138881,,,,0.01580149307847023,0.025186341255903244,0.01580149307847023
293,139355,,,,0.015411976724863052,0.024719571694731712,0.015411976724863052
294,139829,,,,0.015395545400679111,0.02448350563645363,0.015395545400679111
295,140303,,,,0.015499411150813103,0.024690600112080574,0.015499411150813103
296,140777,,,,0.015062563121318817,0.02412639558315277,0.015062563121318817
297,141251,,,,0.014967313036322594,0.02379990555346012,0.014967313036322594
298,141725,,,,0.014934592880308628,0.02379436604678631,0.014934592880308628
299,142199,,,,0.015059757977724075,0.02400089055299759,0.015059757977724075
300,142673,,,,0.014892210252583027,0.023852771148085594,0.014892210252583027
301,143147,,,,0.01484755240380764,0.023837769404053688,0.01484755240380764
302,143621,,,,0.014581426046788692,0.02350889891386032,0.014581426046788692
303,144095,,,,0.0146663011983037,0.02359810844063759,0.0146663011983037
304,144569,,,,0.014472253620624542,0.023275498300790787,0.014472253620624542
305,145043,,,,0.014245746657252312,0.023093832656741142,0.014245746657252312
306,145517,,,,0.014225625433027744,0.02289324253797531,0.014225625433027744
307,145991,,,,0.014385693706572056,0.023214975371956825,0.014385693706572056
308,146465,,,,0.014165783300995827,0.022980861365795135,0.014165783300995827
309,146939,,,,0.013778159394860268,0.022350464016199112,0.013778159394860268
310,147413,,,,0.013940365985035896,0.022582968696951866,0.013940365985035896
311,147887,,,,0.01380906905978918,0.022537527605891228,0.01380906905978918
312,148361,,,,0.013746485114097595,0.022327708080410957,0.013746485114097595
313,148835,,,,0.013912409543991089,0.02241736277937889,0.013912409543991089
314,149309,,,,0.01359582133591175,0.02215627022087574,0.01359582133591175
315,149783,,,,0.013592264614999294,0.022048108279705048,0.013592264614999294
316,150257,,,,0.013455445878207684,0.02175186760723591,0.013455445878207684
317,150731,,,,0.013263661414384842,0.0217842236161232,0.013263661414384842
318,151205,,,,0.013275517150759697,0.02161664515733719,0.013275517150759697
319,151679,,,,0.013079030439257622,0.02145589329302311,0.013079030439257622
320,152153,,,,0.013134528882801533,0.021511657163500786,0.013134528882801533
321,152627,,,,0.013066159561276436,0.02143431268632412,0.013066159561276436
322,153101,,,,0.012716363184154034,0.02107430435717106,0.012716363184154034
323,153575,,,,0.012795788235962391,0.021131614223122597,0.012795788235962391
324,154049,,,,0.012813877314329147,0.021049508824944496,0.012813877314329147
325,154523,,,,0.012599547393620014,0.02091565728187561,0.012599547393620014
326,154997,,,,0.012466873973608017,0.020648883655667305,0.012466873973608017
327,155471,,,,0.012447256594896317,0.020522862672805786,0.012447256594896317
328,155945,,,,0.012379990890622139,0.020451132208108902,0.012379990890622139
329,156419,,,,0.012422525323927402,0.020341163501143456,0.012422525323927402
330,156893,,,,0.01231397781521082,0.020497752353549004,0.01231397781521082
331,157367,,,,0.012115185149013996,0.020187973976135254,0.012115185149013996
332,157841,,,,0.012192224152386189,0.020236892625689507,0.012192224152386189
333,158315,,,,0.012051865458488464,0.020081903785467148,0.012051865458488464
334,158789,,,,0.012060608714818954,0.01981332339346409,0.012060608714818954
335,159263,,,,0.01170116476714611,0.01959330029785633,0.01170116476714611
336,159737,,,,0.011756769381463528,0.019556254148483276,0.011756769381463528
337,160211,,,,0.011572104878723621,0.01941404864192009,0.011572104878723621
338,160685,,,,0.01168806292116642,0.019470615312457085,0.01168806292116642
339,161159,,,,0.011470978148281574,0.019364692270755768,0.011470978148281574
340,161633,,,,0.011412863619625568,0.01923367567360401,0.011412863619625568
341,162107,,,,0.011309120804071426,0.019071172922849655,0.011309120804071426
342,162581,,,,0.011234892532229424,0.019118737429380417,0.011234892532229424
343,163055,,,,0.011205164715647697,0.018894433975219727,0.011205164715647697
344,163529,,,,0.011104465462267399,0.018861589953303337,0.011104465462267399
345,164003,,,,0.01115258689969778,0.01873055472970009,0.01115258689969778
346,164477,,,,0.01083398424088955,0.0185047909617424,0.01083398424088955
347,164951,,,,0.010995502583682537,0.018714141100645065,0.010995502583682537
348,165425,,,,0.01070493645966053,0.018016096204519272,0.01070493645966053
349,165899,,,,0.010675838217139244,0.01818852499127388,0.010675838217139244
350,166373,,,,0.010614847764372826,0.017997531220316887,0.010614847764372826
351,166847,,,,0.010477680712938309,0.018131161108613014,0.010477680712938309
352,167321,,,,0.010522056370973587,0.018003806471824646,0.010522056370973587
353,167795,,,,0.010504011996090412,0.018158722668886185,0.010504011996090412
354,168269,,,,0.010397592559456825,0.01761743612587452,0.010397592559456825
355,168743,,,,0.010290187783539295,0.01758294738829136,0.010290187783539295
356,169217,,,,0.010135583579540253,0.017635149881243706,0.010135583579540253
357,169691,,,,0.010225359350442886,0.017594384029507637,0.010225359350442886
358,170165,,,,0.010129611939191818,0.017382128164172173,0.010129611939191818
359,170639,,,,0.010062040761113167,0.017625104635953903,0.010062040761113167
360,171113,,,,0.009791204705834389,0.01704173907637596,0.009791204705834389
361,171587,,,,0.00980539433658123,0.01713431067764759,0.00980539433658123
362,172061,,,,0.009589149616658688,0.016726089641451836,0.009589149616658688
363,172535,,,,0.009746959432959557,0.017005575820803642,0.009746959432959557
364,173009,,,,0.009758183732628822,0.016902493312954903,0.009758183732628822
365,173483,,,,0.009604666382074356,0.016833726316690445,0.009604666382074356
366,173957,,,,0.009408104233443737,0.01668785698711872,0.009408104233443737
367,174431,,,,0.009453654289245605,0.016794070601463318,0.009453654289245605
368,174905,,,,0.00933853443711996,0.016495028510689735,0.00933853443711996
369,175379,,,,0.009305642917752266,0.016556793823838234,0.009305642917752266
370,175853,,,,0.0091501884162426,0.016357168555259705,0.0091501884162426
371,176327,,,,0.009245793335139751,0.016434205695986748,0.009245793335139751
372,176801,,,,0.009196614846587181,0.016342151910066605,0.009196614846587181
373,177275,,,,0.009024173952639103,0.016249272972345352,0.009024173952639103
374,177749,,,,0.00887809693813324,0.01602320559322834,0.00887809693813324
375,178223,,,,0.008886890485882759,0.016115475445985794,0.008886890485882759
376,178697,,,,0.008786679245531559,0.015793723985552788,0.008786679245531559
377,179171,,,,0.008744501508772373,0.015872498974204063,0.008744501508772373
378,179645,,,,0.00864351261407137,0.015721308067440987,0.00864351261407137
379,180119,,,,0.008669705130159855,0.015740545466542244,0.008669705130159855
380,180593,,,,0.00861851591616869,0.015667961910367012,0.00861851591616869
381,181067,,,,0.008402025327086449,0.015468272380530834,0.008402025327086449
382,181541,,,,0.008405642583966255,0.015321181155741215,0.008405642583966255
383,182015,,,,0.008344030007719994,0.015287722460925579,0.008344030007719994
384,182489,,,,0.008202389813959599,0.01522883027791977,0.008202389813959599
385,182963,,,,0.008230632171034813,0.015190931037068367,0.008230632171034813
386,183437,,,,0.008108184672892094,0.015125402249395847,0.008108184672892094
387,183911,,,,0.008114981465041637,0.015168705023825169,0.008114981465041637
388,184385,,,,0.00805169902741909,0.01512564904987812,0.00805169902741909
389,184859,,,,0.008024124428629875,0.014909541234374046,0.008024124428629875
390,185333,,,,0.00787738524377346,0.01464383490383625,0.00787738524377346
391,185807,,,,0.007889067754149437,0.01475202664732933,0.007889067754149437
392,186281,,,,0.007850410416722298,0.014754761941730976,0.007850410416722298
393,186755,,,,0.007824962958693504,0.014718391001224518,0.007824962958693504
394,187229,,,,0.0077552227303385735,0.014618318527936935,0.0077552227303385735
395,187703,,,,0.007640502415597439,0.014576699584722519,0.007640502415597439
396,188177,,,,0.007648022845387459,0.014609608799219131,0.007648022845387459
397,188651,,,,0.007483166176825762,0.014346543699502945,0.007483166176825762
398,189125,,,,0.007496829144656658,0.014300160109996796,0.007496829144656658
399,189599,,,,0.007405501324683428,0.014446473680436611,0.007405501324683428
400,190073,,,,0.007376457564532757,0.014300874434411526,0.007376457564532757
401,190547,,,,0.007311119232326746,0.014222961850464344,0.007311119232326746
402,191021,,,,0.007253942079842091,0.014124827459454536,0.007253942079842091
403,191495,,,,0.007214146200567484,0.014205780811607838,0.007214146200567484
404,191969,,,,0.007128504104912281,0.014012991450726986,0.007128504104912281
405,192443,,,,0.007090144790709019,0.013888757675886154,0.007090144790709019
406,192917,,,,0.007113057188689709,0.013904289342463017,0.007113057188689709
407,193391,,,,0.006963764317333698,0.013812372460961342,0.006963764317333698
408,193865,,,,0.006988763343542814,0.013886463828384876,0.006988763343542814
409,194339,,,,0.006900187581777573,0.01371066365391016,0.006900187581777573
410,194813,,,,0.006919983774423599,0.013884510844945908,0.006919983774423599
411,195287,,,,0.006788234226405621,0.01360939722508192,0.006788234226405621
412,195761,,,,0.006758702453225851,0.013622011058032513,0.006758702453225851
413,196235,,,,0.006651242263615131,0.013502591289579868,0.006651242263615131
414,196709,,,,0.006650539580732584,0.013570443727076054,0.006650539580732584
415,197183,,,,0.006549371872097254,0.013348615728318691,0.006549371872097254
416,197657,,,,0.006558524910360575,0.013416226021945477,0.006558524910360575
417,198131,,,,0.00654919259250164,0.013304265215992928,0.00654919259250164
418,198605,,,,0.0064078327268362045,0.013211037032306194,0.0064078327268362045
419,199079,,,,0.006443243473768234,0.013170536607503891,0.006443243473768234
420,199553,,,,0.006422956939786673,0.013199714943766594,0.006422956939786673
421,200027,,,,0.006329705473035574,0.013263852335512638,0.006329705473035574
422,200501,,,,0.006262448616325855,0.013063319027423859,0.006262448616325855
423,200975,,,,0.006260488647967577,0.013187847100198269,0.006260488647967577
424,201449,,,,0.006212382577359676,0.012853079475462437,0.006212382577359676
425,201923,,,,0.006171084474772215,0.01302184909582138,0.006171084474772215
426,202397,,,,0.006080550141632557,0.012963272631168365,0.006080550141632557
427,202871,,,,0.006069520488381386,0.012941659428179264,0.006069520488381386
428,203345,,,,0.006021709181368351,0.012829899787902832,0.006021709181368351
429,203819,,,,0.006014916114509106,0.012804077006876469,0.006014916114509106
430,204293,,,,0.005932999774813652,0.012937960214912891,0.005932999774813652
431,204767,,,,0.0059352475218474865,0.01278122141957283,0.0059352475218474865
432,205241,,,,0.005825520027428865,0.012764875777065754,0.005825520027428865
433,205715,,,,0.005822926759719849,0.012541189789772034,0.005822926759719849
434,206189,,,,0.005782558582723141,0.012620866298675537,0.005782558582723141
435,206663,,,,0.005753533914685249,0.012668170966207981,0.005753533914685249
436,207137,,,,0.005740509834140539,0.012817133218050003,0.005740509834140539
437,207611,,,,0.005702359136193991,0.012631562538444996,0.005702359136193991
438,208085,,,,0.005629505030810833,0.012424339540302753,0.005629505030810833
439,208559,,,,0.005609134677797556,0.012518084608018398,0.005609134677797556
440,209033,,,,0.005582559388130903,0.012551065534353256,0.005582559388130903
441,209507,,,,0.0055328006856143475,0.012551992200314999,0.0055328006856143475
442,209981,,,,0.005517083685845137,0.012390047311782837,0.005517083685845137
443,210455,,,,0.005476810969412327,0.01247983518987894,0.005476810969412327
444,210929,,,,0.0054399436339735985,0.012348802760243416,0.0054399436339735985
445,211403,,,,0.005396359600126743,0.01231925468891859,0.005396359600126743
446,211877,,,,0.005381313618272543,0.012307096272706985,0.005381313618272543
447,212351,,,,0.005350945517420769,0.012438059784471989,0.005350945517420769
448,212825,,,,0.005352357402443886,0.012174692004919052,0.005352357402443886
449,213299,,,,0.005291506182402372,0.012261954136192799,0.005291506182402372
450,213773,,,,0.005278963129967451,0.01208531390875578,0.005278963129967451
451,214247,,,,0.005240289028733969,0.01217746827751398,0.005240289028733969
452,214721,,,,0.005211168900132179,0.012286056764423847,0.005211168900132179
453,215195,,,,0.005159902852028608,0.012239772826433182,0.005159902852028608
454,215669,,,,0.005154741462320089,0.012242334894835949,0.005154741462320089
455,216143,,,,0.005117035936564207,0.012147746980190277,0.005117035936564207
456,216617,,,,0.005105826538056135,0.011889105662703514,0.005105826538056135
457,217091,,,,0.005087223369628191,0.012180170975625515,0.005087223369628191
458,217565,,,,0.005046552047133446,0.012164564803242683,0.005046552047133446
459,218039,,,,0.005054900422692299,0.012016319669783115,0.005054900422692299
460,218513,,,,0.004988829605281353,0.012019400484859943,0.004988829605281353
461,218987,,,,0.004972377792000771,0.012091014534235,0.004972377792000771
462,219461,,,,0.004946868401020765,0.011959651485085487,0.004946868401020765
463,219935,,,,0.004937108140438795,0.01203967072069645,0.004937108140438795
464,220409,,,,0.004909006413072348,0.012083119712769985,0.004909006413072348
465,220883,,,,0.004878714215010405,0.011969750747084618,0.004878714215010405
466,221357,,,,0.004877919796854258,0.012043320573866367,0.004877919796854258
467,221831,,,,0.0048583378084003925,0.012039636261761189,0.0048583378084003925
468,222305,,,,0.004831633530557156,0.012070192955434322,0.004831633530557156
469,222779,,,,0.004803695250302553,0.012114757671952248,0.004803695250302553
470,223253,,,,0.004796250257641077,0.01197112537920475,0.004796250257641077
471,223727,,,,0.0047653112560510635,0.012066633440554142,0.0047653112560510635
472,224201,,,,0.004761239979416132,0.011843128129839897,0.004761239979416132
473,224675,,,,0.00473912013694644,0.011928068473935127,0.00473912013694644
474,225149,,,,0.004732203669846058,0.011914625763893127,0.004732203669846058
475,225623,,,,0.004698383621871471,0.011841469444334507,0.004698383621871471
476,226097,,,,0.004691933747380972,0.011913316324353218,0.004691933747380972
477,226571,,,,0.004672832787036896,0.011908008717000484,0.004672832787036896
478,227045,,,,0.00465511716902256,0.011928439140319824,0.00465511716902256
479,227519,,,,0.004652917385101318,0.011862949468195438,0.004652917385101318
480,227993,,,,0.004648679867386818,0.011691727675497532,0.004648679867386818
481,228467,,,,0.0046233427710831165,0.011811821721494198,0.0046233427710831165
482,228941,,,,0.00461270846426487,0.011678575538098812,0.00461270846426487
483,229415,,,,0.004594068042933941,0.01193204429000616,0.004594068042933941
484,229889,,,,0.004584462847560644,0.01188236940652132,0.004584462847560644
485,230363,,,,0.00458142627030611,0.011935261078178883,0.00458142627030611
486,230837,,,,0.004560126923024654,0.01181149110198021,0.004560126923024654
487,231311,,,,0.004561784211546183,0.01171146146953106,0.004561784211546183
488,231785,,,,0.004546669777482748,0.01190626248717308,0.004546669777482748
489,232259,,,,0.004537446424365044,0.011825116351246834,0.004537446424365044
490,232733,,,,0.004530816338956356,0.011905807070434093,0.004530816338956356
491,233207,,,,0.004523647483438253,0.011918238364160061,0.004523647483438253
492,233681,,,,0.00451930146664381,0.011900409124791622,0.00451930146664381
493,234155,,,,0.004509959369897842,0.011760000139474869,0.004509959369897842
494,234629,,,,0.004497739020735025,0.011798416264355183,0.004497739020735025
495,235103,,,,0.004494403954595327,0.011773684062063694,0.004494403954595327
496,235577,,,,0.004491486586630344,0.011751349084079266,0.004491486586630344
497,236051,,,,0.0044852979481220245,0.01192368846386671,0.0044852979481220245
498,236525,,,,0.004485427867621183,0.011954390443861485,0.004485427867621183
499,236999,,,,0.004481967072933912,0.011832304298877716,0.004481967072933912
500,237473,,,,0.004468714818358421,0.01191816758364439,0.004468714818358421
501,237947,,,,0.0044681900180876255,0.011857540346682072,0.0044681900180876255
502,238421,,,,0.004475665744394064,0.0116876857355237,0.004475665744394064
503,238895,,,,0.004465560894459486,0.011898607946932316,0.004465560894459486
504,239369,,,,0.004469945095479488,0.011620378121733665,0.004469945095479488
505,239843,,,,0.004468963481485844,0.011929739266633987,0.004468963481485844
506,240317,,,,0.004463571589440107,0.01180543377995491,0.004463571589440107
507,240791,,,,0.004468989558517933,0.011709065176546574,0.004468989558517933
508,241265,,,,0.004463024437427521,0.011823947541415691,0.004463024437427521
509,241739,,,,0.004468582104891539,0.011858878657221794,0.004468582104891539
510,242213,,,,0.004471944645047188,0.011667701415717602,0.004471944645047188
511,242687,,,,0.004468999337404966,0.011807648465037346,0.004468999337404966
512,243161,,,,0.004464633297175169,0.011817009188234806,0.004464633297175169
513,243635,,,,0.004469640087336302,0.011645352467894554,0.004469640087336302
514,244109,,,,0.0044733015820384026,0.011780631728470325,0.0044733015820384026
515,244583,,,,0.004482242278754711,0.011894387193024158,0.004482242278754711
516,245057,,,,0.004483383148908615,0.011874950490891933,0.004483383148908615
517,245531,,,,0.004490785300731659,0.01182100735604763,0.004490785300731659
518,246005,,,,0.004502364434301853,0.011896706186234951,0.004502364434301853
519,246479,,,,0.004502763506025076,0.011621050536632538,0.004502763506025076
520,246953,,,,0.004514799453318119,0.01197865605354309,0.004514799453318119
521,247427,,,,0.004501219838857651,0.011698459275066853,0.004501219838857651
522,247901,,,,0.004528691992163658,0.011919524520635605,0.004528691992163658
523,248375,,,,0.004521263763308525,0.01184371393173933,0.004521263763308525
524,248849,,,,0.004539900459349155,0.01178551372140646,0.004539900459349155
525,249323,,,,0.004549013450741768,0.011854572221636772,0.004549013450741768
526,249797,,,,0.004548116121441126,0.011936667375266552,0.004548116121441126
527,250271,,,,0.004562899470329285,0.01177448220551014,0.004562899470329285
528,250745,,,,0.004566110670566559,0.011839477345347404,0.004566110670566559
529,251219,,,,0.0045838309451937675,0.011771317571401596,0.0045838309451937675
530,251693,,,,0.004597103223204613,0.011829026974737644,0.004597103223204613
531,252167,,,,0.004619869403541088,0.011769793927669525,0.004619869403541088
532,252641,,,,0.004617571830749512,0.01187468133866787,0.004617571830749512
533,253115,,,,0.004635681863874197,0.011881103739142418,0.004635681863874197
534,253589,,,,0.0046476093120872974,0.012024670839309692,0.0046476093120872974
535,254063,,,,0.004652146715670824,0.011972622014582157,0.004652146715670824
536,254537,,,,0.004667965229600668,0.011856821365654469,0.004667965229600668
537,255011,,,,0.004676216281950474,0.011576555669307709,0.004676216281950474
538,255485,,,,0.004690547939389944,0.011995025910437107,0.004690547939389944
539,255959,,,,0.004713178146630526,0.011882465332746506,0.004713178146630526
540,256433,,,,0.004737198352813721,0.011890260502696037,0.004737198352813721
541,256907,,,,0.004736346658319235,0.011946969665586948,0.004736346658319235
542,257381,,,,0.0047630853950977325,0.011846588924527168,0.0047630853950977325
543,257855,,,,0.004768526181578636,0.01187893282622099,0.004768526181578636
544,258329,,,,0.004795585293322802,0.011957211419939995,0.004795585293322802
545,258803,,,,0.004810981918126345,0.011801823042333126,0.004810981918126345
546,259277,,,,0.0048377602361142635,0.011871461756527424,0.0048377602361142635
547,259751,,,,0.004848672542721033,0.011853411793708801,0.004848672542721033
548,260225,,,,0.004847033880650997,0.011863297782838345,0.004847033880650997
549,260699,,,,0.004893383011221886,0.011963157914578915,0.004893383011221886
550,261173,,,,0.004943013656884432,0.011924207210540771,0.004943013656884432
551,261647,,,,0.004908168222755194,0.011867853812873363,0.004908168222755194
552,262121,,,,0.004968107677996159,0.011969971470534801,0.004968107677996159
553,262595,,,,0.00496892211958766,0.01202225498855114,0.00496892211958766
554,263069,,,,0.004988335072994232,0.011901556514203548,0.004988335072994232
555,263543,,,,0.005017350427806377,0.011971887201070786,0.005017350427806377
556,264017,,,,0.005022033117711544,0.011851703748106956,0.005022033117711544
557,264491,,,,0.005057647358626127,0.011984005570411682,0.005057647358626127
558,264965,,,,0.005060304421931505,0.011876878328621387,0.005060304421931505
559,265439,,,,0.0050966087728738785,0.011794986203312874,0.0050966087728738785
560,265913,,,,0.005114487838000059,0.012007287703454494,0.005114487838000059
561,266387,,,,0.005147799849510193,0.012128476053476334,0.005147799849510193
562,266861,,,,0.00515170581638813,0.011967930942773819,0.00515170581638813
563,267335,,,,0.005150860641151667,0.0119331618770957,0.005150860641151667
564,267809,,,,0.005191481206566095,0.011989620514214039,0.005191481206566095
565,268283,,,,0.005236752796918154,0.012075532227754593,0.005236752796918154
566,268757,,,,0.005264956969767809,0.012062055990099907,0.005264956969767809
567,269231,,,,0.005315737798810005,0.012171057984232903,0.005315737798810005
568,269705,,,,0.00529553834348917,0.012048467062413692,0.00529553834348917
569,270179,,,,0.005360371433198452,0.012035258114337921,0.005360371433198452
570,270653,,,,0.005358765833079815,0.01186054665595293,0.005358765833079815
571,271127,,,,0.005394735373556614,0.011959894560277462,0.005394735373556614
572,271601,,,,0.005466897040605545,0.012123141437768936,0.005466897040605545
573,272075,,,,0.005477935541421175,0.01216936856508255,0.005477935541421175
574,272549,,,,0.005453074350953102,0.01209085714071989,0.005453074350953102
575,273023,,,,0.005548627115786076,0.012117518112063408,0.005548627115786076
576,273497,,,,0.005564672872424126,0.01219908893108368,0.005564672872424126
577,273971,,,,0.005553969647735357,0.012167112901806831,0.005553969647735357
578,274445,,,,0.005592862144112587,0.011999978683888912,0.005592862144112587
579,274919,,,,0.005628623999655247,0.012272460386157036,0.005628623999655247
580,275393,,,,0.005677183624356985,0.012156888842582703,0.005677183624356985
581,275867,,,,0.005710272584110498,0.012241565622389317,0.005710272584110498
582,276341,,,,0.0057603418827056885,0.012329941615462303,0.0057603418827056885
583,276815,,,,0.005761695094406605,0.012270200997591019,0.005761695094406605
584,277289,,,,0.005799621343612671,0.01220970693975687,0.005799621343612671
585,277763,,,,0.005827271845191717,0.012373514473438263,0.005827271845191717
586,278237,,,,0.00580798601731658,0.012205916456878185,0.00580798601731658
587,278711,,,,0.005931102205067873,0.012480083853006363,0.005931102205067873
588,279185,,,,0.005966749507933855,0.01233589742332697,0.005966749507933855
589,279659,,,,0.005943597760051489,0.012406948022544384,0.005943597760051489
590,280133,,,,0.005983658600598574,0.012360985390841961,0.005983658600598574
591,280607,,,,0.006039595231413841,0.012449892237782478,0.006039595231413841
592,281081,,,,0.006079995073378086,0.012334936298429966,0.006079995073378086
593,281555,,,,0.006121121346950531,0.012480298988521099,0.006121121346950531
594,282029,,,,0.0061609563417732716,0.012493729591369629,0.0061609563417732716
595,282503,,,,0.006258015055209398,0.012604103423655033,0.006258015055209398
596,282977,,,,0.006263878662139177,0.012474259361624718,0.006263878662139177
597,283451,,,,0.006319820880889893,0.012656417675316334,0.006319820880889893
598,283925,,,,0.006278669461607933,0.012615066953003407,0.006278669461607933
599,284399,,,,0.006352159194648266,0.012458907440304756,0.006352159194648266
600,284873,,,,0.006377919111400843,0.012448664754629135,0.006377919111400843
601,285347,,,,0.006386886816471815,0.01257812138646841,0.006386886816471815
602,285821,,,,0.006452604196965694,0.01259823702275753,0.006452604196965694
603,286295,,,,0.006523039657622576,0.012740625999867916,0.006523039657622576
604,286769,,,,0.0065090651623904705,0.0126727893948555,0.0065090651623904705
605,287243,,,,0.00653796037659049,0.012702391482889652,0.00653796037659049
606,287717,,,,0.00664198724552989,0.012860453687608242,0.00664198724552989
607,288191,,,,0.006679456681013107,0.012900324538350105,0.006679456681013107
608,288665,,,,0.0066846925765275955,0.012889769859611988,0.0066846925765275955
609,289139,,,,0.006860537454485893,0.01300586387515068,0.006860537454485893
610,289613,,,,0.006918896455317736,0.013112572021782398,0.006918896455317736
611,290087,,,,0.006929213181138039,0.012970080599188805,0.006929213181138039
612,290561,,,,0.006939187180250883,0.013064974918961525,0.006939187180250883
613,291035,,,,0.0069483378902077675,0.013140928000211716,0.0069483378902077675
614,291509,,,,0.0069902390241622925,0.013151392340660095,0.0069902390241622925
615,291983,,,,0.006983679253607988,0.013046211563050747,0.006983679253607988
616,292457,,,,0.007062041666358709,0.013177399523556232,0.007062041666358709
617,292931,,,,0.0071902102790772915,0.013437412679195404,0.0071902102790772915
618,293405,,,,0.007114506792277098,0.013162371702492237,0.007114506792277098
619,293879,,,,0.007343217730522156,0.013288079760968685,0.007343217730522156
620,294353,,,,0.007312546484172344,0.01334915217012167,0.007312546484172344
621,294827,,,,0.007275620009750128,0.013250699266791344,0.007275620009750128
622,295301,,,,0.007288058754056692,0.013336684554815292,0.007288058754056692
623,295775,,,,0.007431922946125269,0.013515438884496689,0.007431922946125269
624,296249,,,,0.007487315684556961,0.013473263010382652,0.007487315684556961
625,296723,,,,0.00758527684956789,0.013613902032375336,0.00758527684956789
626,297197,,,,0.007572743576020002,0.013615808449685574,0.007572743576020002
627,297671,,,,0.007614167872816324,0.013710837811231613,0.007614167872816324
628,298145,,,,0.00762803852558136,0.013538072817027569,0.00762803852558136
629,298619,,,,0.007789921015501022,0.013786809518933296,0.007789921015501022
630,299093,,,,0.007846599444746971,0.013908960856497288,0.007846599444746971
631,299567,,,,0.007882095873355865,0.013915952295064926,0.007882095873355865
632,300041,,,,0.007866254076361656,0.013864872977137566,0.007866254076361656
633,300515,,,,0.007994282990694046,0.014045197516679764,0.007994282990694046
634,300989,,,,0.00790171418339014,0.013987611047923565,0.00790171418339014
635,301463,,,,0.008070642128586769,0.01403401792049408,0.008070642128586769
636,301937,,,,0.008116492070257664,0.014134781435132027,0.008116492070257664
637,302411,,,,0.008172578178346157,0.014150194823741913,0.008172578178346157
638,302885,,,,0.008290302008390427,0.014338278211653233,0.008290302008390427
639,303359,,,,0.008276592940092087,0.014332881197333336,0.008276592940092087
640,303833,,,,0.008407791145145893,0.014494773000478745,0.008407791145145893
641,304307,,,,0.008323846384882927,0.014172809198498726,0.008323846384882927
642,304781,,,,0.008404267951846123,0.01438821293413639,0.008404267951846123
643,305255,,,,0.008591016754508018,0.014446187764406204,0.008591016754508018
644,305729,,,,0.008593358099460602,0.014606242999434471,0.008593358099460602
645,306203,,,,0.008627082221210003,0.01454479992389679,0.008627082221210003
646,306677,,,,0.008795131929218769,0.014737480320036411,0.008795131929218769
647,307151,,,,0.008806566707789898,0.014893709681928158,0.008806566707789898
648,307625,,,,0.00883067212998867,0.014785602688789368,0.00883067212998867
649,308099,,,,0.008834030479192734,0.014697931706905365,0.008834030479192734
650,308573,,,,0.008785192854702473,0.014695038087666035,0.008785192854702473
651,309047,,,,0.009023278020322323,0.014973806217312813,0.009023278020322323
652,309521,,,,0.00920400582253933,0.015247232280671597,0.00920400582253933
653,309995,,,,0.008970505557954311,0.014932681806385517,0.008970505557954311
654,310469,,,,0.0093233622610569,0.01532923337072134,0.0093233622610569
655,310943,,,,0.009124411270022392,0.015151670202612877,0.009124411270022392
656,311417,,,,0.009356308728456497,0.015360587276518345,0.009356308728456497
657,311891,,,,0.0092342933639884,0.015307551249861717,0.0092342933639884
658,312365,,,,0.009275970049202442,0.01523380447179079,0.009275970049202442
659,312839,,,,0.009447183459997177,0.015452083200216293,0.009447183459997177
660,313313,,,,0.009528961963951588,0.015583806671202183,0.009528961963951588
661,313787,,,,0.009568789042532444,0.015521504916250706,0.009568789042532444
662,314261,,,,0.009578606113791466,0.015557645820081234,0.009578606113791466
663,314735,,,,0.009767509996891022,0.015695152804255486,0.009767509996891022
664,315209,,,,0.009871209971606731,0.01584848202764988,0.009871209971606731
665,315683,,,,0.00991283729672432,0.015913842245936394,0.00991283729672432
666,316157,,,,0.00978907197713852,0.01581539399921894,0.00978907197713852
667,316631,,,,0.009825529530644417,0.015691721811890602,0.009825529530644417
668,317105,,,,0.009868514724075794,0.01584942825138569,0.009868514724075794
669,317579,,,,0.01008105743676424,0.016132015734910965,0.01008105743676424
670,318053,,,,0.010033001191914082,0.015971969813108444,0.010033001191914082
671,318527,,,,0.010370956733822823,0.016410404816269875,0.010370956733822823
672,319001,,,,0.010514480993151665,0.01652759499847889,0.010514480993151665
673,319475,,,,0.010203084908425808,0.01602453552186489,0.010203084908425808
674,319949,,,,0.010369359515607357,0.016499146819114685,0.010369359515607357
675,320423,,,,0.010427414439618587,0.016401411965489388,0.010427414439618587
676,320897,,,,0.010475505143404007,0.01638907380402088,0.010475505143404007
677,321371,,,,0.010523348115384579,0.016726266592741013,0.010523348115384579
678,321845,,,,0.011964486911892891,0.018269162625074387,0.011964486911892891
679,322319,,,,0.010622031055390835,0.01682642102241516,0.010622031055390835
680,322793,,,,0.01089324802160263,0.017115214839577675,0.01089324802160263
681,323267,,,,0.010895665735006332,0.017016269266605377,0.010895665735006332
682,323741,,,,0.010809042491018772,0.016914566978812218,0.010809042491018772
683,324215,,,,0.011022171936929226,0.017168834805488586,0.011022171936929226
684,324689,,,,0.011180156841874123,0.01728474348783493,0.011180156841874123
685,325163,,,,0.01090990100055933,0.016915567219257355,0.01090990100055933
686,325637,,,,0.011068730615079403,0.01728462241590023,0.011068730615079403
687,326111,,,,0.011510031297802925,0.01759052462875843,0.011510031297802925
688,326585,,,,0.011231091804802418,0.017443321645259857,0.011231091804802418
689,327059,,,,0.011519639752805233,0.01767389103770256,0.011519639752805233
690,327533,,,,0.011478113941848278,0.017688004299998283,0.011478113941848278
691,328007,,,,0.011308277025818825,0.01729842834174633,0.011308277025818825
692,328481,,,,0.011584268882870674,0.017684774473309517,0.011584268882870674
693,328955,,,,0.011510228738188744,0.017594831064343452,0.011510228738188744
694,329429,,,,0.011777604930102825,0.01780136674642563,0.011777604930102825
695,329903,,,,0.011993978172540665,0.018162479624152184,0.011993978172540665
696,330377,,,,0.011927294544875622,0.018219534307718277,0.011927294544875622
697,330851,,,,0.012064577080309391,0.018263695761561394,0.012064577080309391
698,331325,,,,0.011995597742497921,0.018340367823839188,0.011995597742497921
699,331799,,,,0.011952235363423824,0.018159015104174614,0.011952235363423824
700,332273,,,,0.012207071296870708,0.01836591586470604,0.012207071296870708
701,332747,,,,0.012167813256382942,0.018341707065701485,0.012167813256382942
702,333221,,,,0.01233365572988987,0.018498465418815613,0.01233365572988987
703,333695,,,,0.012423926964402199,0.01867286115884781,0.012423926964402199
704,334169,,,,0.012496870942413807,0.018695002421736717,0.012496870942413807
705,334643,,,,0.012538806535303593,0.01882408745586872,0.012538806535303593
706,335117,,,,0.01241561584174633,0.01863514631986618,0.01241561584174633
707,335591,,,,0.012690568342804909,0.018828686326742172,0.012690568342804909
708,336065,,,,0.012661506421864033,0.0189120601862669,0.012661506421864033
709,336539,,,,0.0125260129570961,0.01870780624449253,0.0125260129570961
710,337013,,,,0.012637932784855366,0.01899278163909912,0.012637932784855366
711,337487,,,,0.013088651932775974,0.019464299082756042,0.013088651932775974
712,337961,,,,0.012988602742552757,0.019365094602108,0.012988602742552757
713,338435,,,,0.013116778805851936,0.01973878964781761,0.013116778805851936
714,338909,,,,0.012870286591351032,0.01935095526278019,0.012870286591351032
715,339383,,,,0.013069329783320427,0.019423166289925575,0.013069329783320427
716,339857,,,,0.013246617279946804,0.019525334239006042,0.013246617279946804
717,340331,,,,0.01329349260777235,0.019609803333878517,0.01329349260777235
718,340805,,,,0.013342243619263172,0.020288769155740738,0.013342243619263172
719,341279,,,,0.01361158862709999,0.02015894092619419,0.01361158862709999
720,341753,,,,0.013524672947824001,0.019851388409733772,0.013524672947824001
721,342227,,,,0.013557620346546173,0.019820524379611015,0.013557620346546173
722,342701,,,,0.01367932464927435,0.020123429596424103,0.01367932464927435
723,343175,,,,0.013643101789057255,0.020055219531059265,0.013643101789057255
724,343649,,,,0.01365621481090784,0.020115796476602554,0.01365621481090784
725,344123,,,,0.013794631697237492,0.020208900794386864,0.013794631697237492
726,344597,,,,0.013863515108823776,0.02031588926911354,0.013863515108823776
727,345071,,,,0.013734063133597374,0.020161733031272888,0.013734063133597374
728,345545,,,,0.014001804403960705,0.020457802340388298,0.014001804403960705
729,346019,,,,0.014055573381483555,0.020487105473876,0.014055573381483555
730,346493,,,,0.014219111762940884,0.02044130116701126,0.014219111762940884
731,346967,,,,0.013904622755944729,0.020310046151280403,0.013904622755944729
732,347441,,,,0.014283771626651287,0.020802434533834457,0.014283771626651287
733,347915,,,,0.014219294302165508,0.020654581487178802,0.014219294302165508
734,348389,,,,0.0141755361109972,0.020706558600068092,0.0141755361109972
735,348863,,,,0.01443302072584629,0.02089758589863777,0.01443302072584629
736,349337,,,,0.014721408486366272,0.02132055163383484,0.014721408486366272
737,349811,,,,0.014795118942856789,0.021288711577653885,0.014795118942856789
738,350285,,,,0.014951114542782307,0.021471481770277023,0.014951114542782307
739,350759,,,,0.014844818972051144,0.021532343700528145,0.014844818972051144
740,351233,,,,0.014963936991989613,0.021756136789917946,0.014963936991989613
741,351707,,,,0.014867749065160751,0.021460043266415596,0.014867749065160751
742,352181,,,,0.014896090142428875,0.021368904039263725,0.014896090142428875
743,352655,,,,0.015036492608487606,0.021747494116425514,0.015036492608487606
744,353129,,,,0.01494475919753313,0.021373938769102097,0.01494475919753313
745,353603,,,,0.015330350957810879,0.022271091118454933,0.015330350957810879
746,354077,,,,0.01532871276140213,0.02222551591694355,0.01532871276140213
747,354551,,,,0.015218652784824371,0.021809527650475502,0.015218652784824371
748,355025,,,,0.015502134338021278,0.0226250272244215,0.015502134338021278
749,355499,,,,0.015568094328045845,0.022543862462043762,0.015568094328045845
750,355973,,,,0.016033025458455086,0.023091180250048637,0.016033025458455086
751,356447,,,,0.015667708590626717,0.02241075597703457,0.015667708590626717
752,356921,,,,0.015391538850963116,0.022130729630589485,0.015391538850963116
753,357395,,,,0.01512443833053112,0.021650802344083786,0.01512443833053112
754,357869,,,,0.015815792605280876,0.022522667422890663,0.015815792605280876
755,358343,,,,0.01588817685842514,0.022742997854948044,0.01588817685842514
756,358817,,,,0.016517305746674538,0.023737290874123573,0.016517305746674538
757,359291,,,,0.015911908820271492,0.022767826914787292,0.015911908820271492
758,359765,,,,0.01622290164232254,0.023196304216980934,0.01622290164232254
759,360239,,,,0.015981687232851982,0.023059798404574394,0.015981687232851982
760,360713,,,,0.015684254467487335,0.022497789934277534,0.015684254467487335
761,361187,,,,0.01618262194097042,0.023034295067191124,0.01618262194097042
762,361661,,,,0.0162137933075428,0.02335355244576931,0.0162137933075428
763,362135,,,,0.016392195597290993,0.02329472079873085,0.016392195597290993
764,362609,,,,0.016451958566904068,0.023375254124403,0.016451958566904068
765,363083,,,,0.01668618433177471,0.02380000613629818,0.01668618433177471
766,363557,,,,0.01675104908645153,0.024026945233345032,0.01675104908645153
767,364031,,,,0.016750948503613472,0.02373645082116127,0.016750948503613472
768,364505,,,,0.016500383615493774,0.02373843640089035,0.016500383615493774
769,364979,,,,0.016478298231959343,0.02357793226838112,0.016478298231959343
770,365453,,,,0.01667635887861252,0.023784421384334564,0.01667635887861252
771,365927,,,,0.017002355307340622,0.024186480790376663,0.017002355307340622
772,366401,,,,0.01690148189663887,0.02382882684469223,0.01690148189663887
773,366875,,,,0.017247823998332024,0.024350209161639214,0.017247823998332024
774,367349,,,,0.016971945762634277,0.02417336031794548,0.016971945762634277
775,367823,,,,0.01700296811759472,0.024152420461177826,0.01700296811759472
776,368297,,,,0.01678433082997799,0.023695025593042374,0.01678433082997799
777,368771,,,,0.017233897000551224,0.02447715401649475,0.017233897000551224
778,369245,,,,0.017198851332068443,0.024180514737963676,0.017198851332068443
779,369719,,,,0.017286084592342377,0.02450718730688095,0.017286084592342377
780,370193,,,,0.017677757889032364,0.025045504793524742,0.017677757889032364
781,370667,,,,0.017463846132159233,0.024740070104599,0.017463846132159233
782,371141,,,,0.01842327043414116,0.026163296774029732,0.01842327043414116
783,371615,,,,0.017411457374691963,0.024689022451639175,0.017411457374691963
784,372089,,,,0.017660928890109062,0.024926582351326942,0.017660928890109062
785,372563,,,,0.0173270795494318,0.024584971368312836,0.0173270795494318
786,373037,,,,0.017902228981256485,0.025172509253025055,0.017902228981256485
787,373511,,,,0.017670517787337303,0.02484164386987686,0.017670517787337303
788,373985,,,,0.01791292615234852,0.02500743605196476,0.01791292615234852
789,374459,,,,0.018057391047477722,0.02528941072523594,0.018057391047477722
790,374933,,,,0.01777239330112934,0.025102026760578156,0.01777239330112934
791,375407,,,,0.018115270882844925,0.02539697103202343,0.018115270882844925
792,375881,,,,0.018346214666962624,0.025696158409118652,0.018346214666962624
793,376355,,,,0.018594946712255478,0.026235714554786682,0.018594946712255478
794,376829,,,,0.01852155476808548,0.025986066088080406,0.01852155476808548
795,377303,,,,0.018259020522236824,0.02571459487080574,0.018259020522236824
796,377777,,,,0.018392175436019897,0.02576451003551483,0.018392175436019897
797,378251,,,,0.01855020597577095,0.026052622124552727,0.01855020597577095
798,378725,,,,0.018302472308278084,0.02569590136408806,0.018302472308278084
799,379199,,,,0.019322697073221207,0.026906907558441162,0.019322697073221207
800,379673,,,,0.01826224848628044,0.02551906369626522,0.01826224848628044
801,380147,,,,0.018666021525859833,0.026179147884249687,0.018666021525859833
802,380621,,,,0.018840739503502846,0.026418885216116905,0.018840739503502846
803,381095,,,,0.018624449148774147,0.02609867975115776,0.018624449148774147
804,381569,,,,0.01899890787899494,0.026654750108718872,0.01899890787899494
805,382043,,,,0.018751518800854683,0.026170656085014343,0.018751518800854683
806,382517,,,,0.018711481243371964,0.0262294914573431,0.018711481243371964
807,382991,,,,0.019282052293419838,0.026811037212610245,0.019282052293419838
808,383465,,,,0.018871987238526344,0.02616845816373825,0.018871987238526344
809,383939,,,,0.019199861213564873,0.02650630846619606,0.019199861213564873
810,384413,,,,0.019017023965716362,0.026470858603715897,0.019017023965716362
811,384887,,,,0.019071901217103004,0.0266635250300169,0.019071901217103004
812,385361,,,,0.01888068951666355,0.026298966258764267,0.01888068951666355
813,385835,,,,0.0197320356965065,0.027345461770892143,0.0197320356965065
814,386309,,,,0.019131293520331383,0.026626726612448692,0.019131293520331383
815,386783,,,,0.019432399421930313,0.026933463290333748,0.019432399421930313
816,387257,,,,0.01952820084989071,0.0272067878395319,0.01952820084989071
817,387731,,,,0.019316470250487328,0.02694685198366642,0.019316470250487328
818,388205,,,,0.019794810563325882,0.027776207774877548,0.019794810563325882
819,388679,,,,0.019435295835137367,0.027211206033825874,0.019435295835137367
820,389153,,,,0.02019563876092434,0.0281145628541708,0.02019563876092434
821,389627,,,,0.020053869113326073,0.027977757155895233,0.020053869113326073
822,390101,,,,0.019546033814549446,0.02714712917804718,0.019546033814549446
823,390575,,,,0.0196848064661026,0.02729235403239727,0.0196848064661026
824,391049,,,,0.01939869299530983,0.02717321738600731,0.01939869299530983
825,391523,,,,0.019924772903323174,0.027493149042129517,0.019924772903323174
826,391997,,,,0.019826609641313553,0.02754436805844307,0.019826609641313553
827,392471,,,,0.020036472007632256,0.02792457491159439,0.020036472007632256
828,392945,,,,0.019980406388640404,0.02773693948984146,0.019980406388640404
829,393419,,,,0.020135628059506416,0.027741137892007828,0.020135628059506416
830,393893,,,,0.025755375623703003,0.036965761333703995,0.025755375623703003
831,394367,,,,0.021184679120779037,0.02967335842549801,0.021184679120779037
832,394841,,,,0.02030654065310955,0.028344986960291862,0.02030654065310955
833,395315,,,,0.020230138674378395,0.028100566938519478,0.020230138674378395
834,395789,,,,0.01953406259417534,0.027091527357697487,0.01953406259417534
835,396263,,,,0.020304610952734947,0.02801576256752014,0.020304610952734947
836,396737,,,,0.02045377902686596,0.0283521581441164,0.02045377902686596
837,397211,,,,0.020197095349431038,0.027820419520139694,0.020197095349431038
838,397685,,,,0.020715925842523575,0.02854316681623459,0.020715925842523575
839,398159,,,,0.020706024020910263,0.02866879291832447,0.020706024020910263
840,398633,,,,0.02084554173052311,0.02903304621577263,0.02084554173052311
841,399107,,,,0.020964553579688072,0.0287880077958107,0.020964553579688072
842,399581,,,,0.020325610414147377,0.02812300994992256,0.020325610414147377
843,400055,,,,0.020742548629641533,0.028615012764930725,0.020742548629641533
844,400529,,,,0.020977701991796494,0.029202081263065338,0.020977701991796494
845,401003,,,,0.02067619003355503,0.028421061113476753,0.02067619003355503
846,401477,,,,0.021303299814462662,0.029142014682292938,0.021303299814462662
847,401951,,,,0.020545536652207375,0.02845526859164238,0.020545536652207375
848,402425,,,,0.02084684558212757,0.02867157571017742,0.02084684558212757
849,402899,,,,0.020537711679935455,0.02828035317361355,0.020537711679935455
850,403373,,,,0.021093614399433136,0.02909841574728489,0.021093614399433136
851,403847,,,,0.02115717902779579,0.029054390266537666,0.02115717902779579
852,404321,,,,0.02082277648150921,0.02870582975447178,0.02082277648150921
853,404795,,,,0.021147048100829124,0.029087165370583534,0.021147048100829124
854,405269,,,,0.020809205248951912,0.02871745638549328,0.020809205248951912
855,405743,,,,0.02105516567826271,0.028827914968132973,0.02105516567826271
856,406217,,,,0.021536093205213547,0.02942531555891037,0.021536093205213547
857,406691,,,,0.0210864320397377,0.02914402075111866,0.0210864320397377
858,407165,,,,0.021335262805223465,0.029472269117832184,0.021335262805223465
859,407639,,,,0.021241988986730576,0.029135391116142273,0.021241988986730576
860,408113,,,,0.021593671292066574,0.029647639021277428,0.021593671292066574
861,408587,,,,0.021539928391575813,0.029369967058300972,0.021539928391575813
862,409061,,,,0.021672001108527184,0.02982492558658123,0.021672001108527184
863,409535,,,,0.022100239992141724,0.030272649601101875,0.022100239992141724
864,410009,,,,0.021615559235215187,0.03034389764070511,0.021615559235215187
865,410483,,,,0.022497940808534622,0.031754761934280396,0.022497940808534622
866,410957,,,,0.02173457480967045,0.029941456392407417,0.02173457480967045
867,411431,,,,0.021849917247891426,0.030106717720627785,0.021849919110536575
868,411905,,,,0.026500793173909187,0.03891420364379883,0.026500793173909187
869,412379,,,,0.023978551849722862,0.032958559691905975,0.023978551849722862
870,412853,,,,0.02164389379322529,0.02997913584113121,0.02164389379322529
871,413327,,,,0.02279515005648136,0.03126271441578865,0.02279515005648136
872,413801,,,,0.021201400086283684,0.0293365940451622,0.021201400086283684
873,414275,,,,0.02191372588276863,0.030029645189642906,0.02191372588276863
874,414749,,,,0.021146658807992935,0.02940487489104271,0.021146658807992935
875,415223,,,,0.021380377933382988,0.02939368411898613,0.021380377933382988
876,415697,,,,0.02227233722805977,0.030386030673980713,0.02227233722805977
877,416171,,,,0.02182041108608246,0.030101465061306953,0.02182041108608246
878,416645,,,,0.022757399827241898,0.031011851504445076,0.022757399827241898
879,417119,,,,0.021876171231269836,0.030033566057682037,0.021876171231269836
880,417593,,,,0.022117970511317253,0.030629832297563553,0.022117970511317253
881,418067,,,,0.02225707471370697,0.030722271651029587,0.02225707471370697
882,418541,,,,0.022160934284329414,0.030295932665467262,0.022160934284329414
883,419015,,,,0.02209923043847084,0.030337616801261902,0.02209923043847084
884,419489,,,,0.022278623655438423,0.0306052528321743,0.022278623655438423
885,419963,,,,0.022826025262475014,0.031303055584430695,0.022826025262475014
886,420437,,,,0.02177402563393116,0.029833290725946426,0.02177402563393116
887,420911,,,,0.02206316590309143,0.03013279289007187,0.02206316590309143
888,421385,,,,0.021785592660307884,0.029827719554305077,0.021785592660307884
889,421859,,,,0.02227812632918358,0.030744455754756927,0.02227812632918358
890,422333,,,,0.022288475185632706,0.03039950132369995,0.022288475185632706
891,422807,,,,0.022335844114422798,0.030613932758569717,0.022335844114422798
892,423281,,,,0.022725816816091537,0.031128108501434326,0.022725816816091537
893,423755,,,,0.022357523441314697,0.030494224280118942,0.022357523441314697
894,424229,,,,0.022505981847643852,0.030848469585180283,0.022505981847643852
895,424703,,,,0.02185426838696003,0.029815673828125,0.02185426838696003
896,425177,,,,0.022842274978756905,0.031223472207784653,0.022842274978756905
897,425651,,,,0.022420132532715797,0.030696870759129524,0.022420132532715797
898,426125,,,,0.022119777277112007,0.030226396396756172,0.022119777277112007
899,426599,,,,0.022742288187146187,0.03103305585682392,0.022742288187146187
900,427073,,,,0.023135775700211525,0.0316956453025341,0.023135775700211525
901,427547,,,,0.022568227723240852,0.03110734559595585,0.022568227723240852
902,428021,,,,0.02245567925274372,0.030547291040420532,0.02245567925274372
903,428495,,,,0.02220490574836731,0.030222179368138313,0.02220490574836731
904,428969,,,,0.02209344319999218,0.030358128249645233,0.02209344319999218
905,429443,,,,0.0219456534832716,0.030021902173757553,0.0219456534832716
906,429917,,,,0.02213352546095848,0.03028780035674572,0.02213352546095848
907,430391,,,,0.02199583500623703,0.030216405168175697,0.02199583500623703
908,430865,,,,0.02217642217874527,0.030225280672311783,0.02217642217874527
909,431339,,,,0.022934457287192345,0.03110818937420845,0.022934457287192345
910,431813,,,,0.0226499754935503,0.030811643227934837,0.0226499754935503
911,432287,,,,0.022514231503009796,0.030473046004772186,0.022514231503009796
912,432761,,,,0.022378724068403244,0.0306064672768116,0.022378724068403244
913,433235,,,,0.022195780649781227,0.030092017725110054,0.022195780649781227
914,433709,,,,0.022556176409125328,0.030659614130854607,0.022556176409125328
915,434183,,,,0.022873351350426674,0.0310650821775198,0.022873351350426674
916,434657,,,,0.022630153223872185,0.030789310112595558,0.022630153223872185
917,435131,,,,0.023154163733124733,0.031215760856866837,0.023154163733124733
918,435605,,,,0.022951262071728706,0.03138167783617973,0.022951262071728706
919,436079,,,,0.0230872705578804,0.031256068497896194,0.0230872705578804
920,436553,,,,0.022591829299926758,0.03057784214615822,0.022591829299926758
921,437027,,,,0.022408710792660713,0.030731018632650375,0.022408710792660713
922,437501,,,,0.022510536015033722,0.03126439079642296,0.022510536015033722
923,437975,,,,0.022572528570890427,0.03057030402123928,0.022572528570890427
924,438449,,,,0.023156818002462387,0.03151164576411247,0.023156818002462387
925,438923,,,,0.0228668674826622,0.030966637656092644,0.0228668674826622
926,439397,,,,0.02247760072350502,0.03049418330192566,0.02247760072350502
927,439871,,,,0.0224753450602293,0.030397307127714157,0.0224753450602293
928,440345,,,,0.02352570928633213,0.032262831926345825,0.02352570928633213
929,440819,,,,0.023337462916970253,0.03179195150732994,0.023337462916970253
930,441293,,,,0.02264224924147129,0.030889276415109634,0.02264224924147129
931,441767,,,,0.022798404097557068,0.030590305104851723,0.022798404097557068
932,442241,,,,0.022295691072940826,0.030373236164450645,0.022295691072940826
933,442715,,,,0.021997082978487015,0.029932772740721703,0.021997082978487015
934,443189,,,,0.022450443357229233,0.030261648818850517,0.022450443357229233
935,443663,,,,0.02295191027224064,0.03098970279097557,0.02295191027224064
936,444137,,,,0.022786742076277733,0.030718382447957993,0.022786742076277733
937,444611,,,,0.02262001857161522,0.030594991520047188,0.02262001857161522
938,445085,,,,0.022768842056393623,0.0309082493185997,0.022768842056393623
939,445559,,,,0.022702394053339958,0.030858762562274933,0.022702394053339958
940,446033,,,,0.0230689886957407,0.0312776118516922,0.0230689886957407
941,446507,,,,0.022933974862098694,0.031198639422655106,0.022933974862098694
942,446981,,,,0.02297249622642994,0.031234007328748703,0.02297249622642994
943,447455,,,,0.022498689591884613,0.030545953661203384,0.022498689591884613
944,447929,,,,0.022838659584522247,0.03087404929101467,0.022838659584522247
945,448403,,,,0.022638732567429543,0.03090379200875759,0.022638732567429543
946,448877,,,,0.022771915420889854,0.03084959276020527,0.022771915420889854
947,449351,,,,0.023336226120591164,0.03136265277862549,0.023336226120591164
948,449825,,,,0.022784695029258728,0.031180690973997116,0.022784695029258728
949,450299,,,,0.022274572402238846,0.03013734519481659,0.022274572402238846
950,450773,,,,0.02269682101905346,0.030558791011571884,0.02269682101905346
951,451247,,,,0.023187726736068726,0.03137774020433426,0.023187726736068726
952,451721,,,,0.02248481847345829,0.030456194654107094,0.02248481847345829
953,452195,,,,0.0233862716704607,0.031715989112854004,0.0233862716704607
954,452669,,,,0.022785557433962822,0.031031135469675064,0.022785557433962822
955,453143,,,,0.02266879193484783,0.030730385333299637,0.02266879193484783
956,453617,,,,0.022571053355932236,0.030421612784266472,0.022571053355932236
957,454091,,,,0.02213773876428604,0.030063411220908165,0.02213773876428604
958,454565,,,,0.022731907665729523,0.030778948217630386,0.022731907665729523
959,455039,,,,0.022167304530739784,0.02983349934220314,0.022167304530739784
960,455513,,,,0.02201460860669613,0.029743852093815804,0.02201460860669613
961,455987,,,,0.02252151630818844,0.03047678805887699,0.02252151630818844
962,456461,,,,0.022303199395537376,0.03003563918173313,0.022303199395537376
963,456935,,,,0.022975780069828033,0.0309114009141922,0.022975780069828033
964,457409,,,,0.022315433248877525,0.03015802800655365,0.022315433248877525
965,457883,,,,0.022878335788846016,0.030981432646512985,0.022878335788846016
966,458357,,,,0.023301659151911736,0.03140752762556076,0.023301659151911736
967,458831,,,,0.022678645327687263,0.03036477603018284,0.022678645327687263
968,459305,,,,0.022378811612725258,0.030410408973693848,0.022378811612725258
969,459779,,,,0.022251930087804794,0.02984873205423355,0.022251930087804794
970,460253,,,,0.022608986124396324,0.030218016356229782,0.022608986124396324
971,460727,,,,0.022385982796549797,0.029948925599455833,0.022385982796549797
972,461201,,,,0.02217634953558445,0.02999311313033104,0.02217634953558445
973,461675,,,,0.022633742541074753,0.03034207597374916,0.022633742541074753
974,462149,,,,0.022604644298553467,0.03059885837137699,0.022604644298553467
975,462623,,,,0.022495616227388382,0.030504735186696053,0.022495616227388382
976,463097,,,,0.02268197014927864,0.030591972172260284,0.02268197014927864
977,463571,,,,0.022088084369897842,0.02989247627556324,0.022088084369897842
978,464045,,,,0.022362152114510536,0.03018784523010254,0.022362152114510536
979,464519,,,,0.0224345400929451,0.03032601810991764,0.0224345400929451
980,464993,,,,0.0220709927380085,0.029988234862685204,0.0220709927380085
981,465467,,,,0.022936725988984108,0.03166080638766289,0.022936725988984108
982,465941,,,,0.022554252296686172,0.030484696850180626,0.022554252296686172
983,466415,,,,0.02226611226797104,0.029916416853666306,0.02226611226797104
984,466889,,,,0.0224924199283123,0.030291054397821426,0.0224924199283123
985,467363,,,,0.021981490775942802,0.02963479980826378,0.021981490775942802
986,467837,,,,0.02279656194150448,0.03064170852303505,0.02279656194150448
987,468311,,,,0.021856816485524178,0.02940547838807106,0.021856816485524178
988,468785,,,,0.0227032657712698,0.03039272129535675,0.0227032657712698
989,469259,,,,0.022196536883711815,0.030017485842108727,0.022196536883711815
990,469733,,,,0.022614361718297005,0.030345285311341286,0.022614361718297005
991,470207,,,,0.022576957941055298,0.030462291091680527,0.022576957941055298
992,470681,,,,0.023129502311348915,0.031270161271095276,0.023129502311348915
993,471155,,,,0.02263839729130268,0.030661772936582565,0.02263839729130268
994,471629,,,,0.022203609347343445,0.0300755612552166,0.022203609347343445
995,472103,,,,0.02225366234779358,0.029924891889095306,0.02225366234779358
996,472577,,,,0.022059274837374687,0.029757753014564514,0.022059274837374687
997,473051,,,,0.022710422053933144,0.030682606622576714,0.022710422053933144
998,473525,,,,0.022574549540877342,0.03038479946553707,0.022574549540877342
999,473999,,,,0.023860475048422813,0.03417079895734787,0.023860475048422813
1000,474000,0.022182313725352287,0.02996542863547802,0.022182313725352287,,,
